Position	Entropy	A	G	C	T	Others	Gaps
Position 1	0.000000	0	0	0	48	0	0
Position 2	0.000000	0	47	0	0	0	1
Position 3	0.000000	0	48	0	0	0	0
Position 4	0.000000	0	48	0	0	0	0
Position 5	0.000000	0	48	0	0	0	0
Position 6	0.000000	48	0	0	0	0	0
Position 7	0.000000	48	0	0	0	0	0
Position 8	0.000000	0	0	0	48	0	0
Position 9	0.000000	48	0	0	0	0	0
Position 10	0.000000	0	0	0	48	0	0
Position 11	0.000000	0	0	0	48	0	0
Position 12	0.000000	0	48	0	0	0	0
Position 13	0.000000	0	0	48	0	0	0
Position 14	0.000000	48	0	0	0	0	0
Position 15	0.000000	0	0	48	0	0	0
Position 16	0.000000	48	0	0	0	0	0
Position 17	0.000000	48	0	0	0	0	0
Position 18	0.000000	0	0	0	48	0	0
Position 19	0.000000	0	48	0	0	0	0
Position 20	0.000000	0	48	0	0	0	0
Position 21	0.000000	0	48	0	0	0	0
Position 22	0.000000	0	0	48	0	0	0
Position 23	0.000000	0	48	0	0	0	0
Position 24	0.000000	0	0	48	0	0	0
Position 25	0.000000	48	0	0	0	0	0
Position 26	0.000000	48	0	0	0	0	0
Position 27	0.000000	0	48	0	0	0	0
Position 28	0.000000	0	0	48	0	0	0
Position 29	0.000000	0	0	48	0	0	0
Position 30	0.000000	0	0	0	48	0	0
Position 31	0.000000	0	48	0	0	0	0
Position 32	0.000000	48	0	0	0	0	0
Position 33	0.000000	0	0	0	48	0	0
Position 34	0.000000	0	48	0	0	0	0
Position 35	0.000000	0	0	48	0	0	0
Position 36	0.000000	48	0	0	0	0	0
Position 37	0.000000	0	48	0	0	0	0
Position 38	0.000000	0	0	48	0	0	0
Position 39	0.000000	0	0	48	0	0	0
Position 40	0.000000	48	0	0	0	0	0
Position 41	0.000000	0	0	0	48	0	0
Position 42	0.000000	0	48	0	0	0	0
Position 43	0.000000	0	0	48	0	0	0
Position 44	0.000000	0	0	48	0	0	0
Position 45	0.000000	0	48	0	0	0	0
Position 46	0.000000	0	0	48	0	0	0
Position 47	0.000000	0	48	0	0	0	0
Position 48	0.000000	0	0	0	48	0	0
Position 49	0.000000	0	48	0	0	0	0
Position 50	0.000000	0	0	0	48	0	0
Position 51	0.000000	48	0	0	0	0	0
Position 52	0.000000	0	0	0	48	0	0
Position 53	0.000000	0	48	0	0	0	0
Position 54	0.000000	48	0	0	0	0	0
Position 55	0.000000	48	0	0	0	0	0
Position 56	0.000000	0	48	0	0	0	0
Position 57	0.000000	48	0	0	0	0	0
Position 58	0.000000	48	0	0	0	0	0
Position 59	0.000000	0	48	0	0	0	0
Position 60	0.000000	0	48	0	0	0	0
Position 61	0.000000	0	0	48	0	0	0
Position 62	0.000000	0	0	48	0	0	0
Position 63	0.000000	0	0	0	48	0	0
Position 64	0.000000	0	0	0	48	0	0
Position 65	0.000000	0	0	48	0	0	0
Position 66	0.000000	0	48	0	0	0	0
Position 67	0.000000	0	48	0	0	0	0
Position 68	0.000000	0	48	0	0	0	0
Position 69	0.000000	0	0	0	48	0	0
Position 70	0.000000	0	0	0	48	0	0
Position 71	0.000000	0	48	0	0	0	0
Position 72	0.000000	0	0	0	48	0	0
Position 73	0.000000	2	0	0	0	0	46
Position 74	0.000000	48	0	0	0	0	0
Position 75	0.000000	48	0	0	0	0	0
Position 76	0.000000	48	0	0	0	0	0
Position 77	0.146094	1	47	0	0	0	0
Position 78	0.000000	0	0	0	48	0	0
Position 79	0.000000	48	0	0	0	0	0
Position 80	0.000000	0	0	48	0	0	0
Position 81	0.000000	0	0	0	48	0	0
Position 82	0.000000	0	0	0	48	0	0
Position 83	0.000000	0	0	0	48	0	0
Position 84	0.000000	0	0	48	0	0	0
Position 85	0.000000	48	0	0	0	0	0
Position 86	0.000000	0	48	0	0	0	0
Position 87	0.000000	0	0	48	0	0	0
Position 88	0.146094	1	47	0	0	0	0
Position 89	0.419921	4	43	0	0	0	1
Position 90	0.000000	0	48	0	0	0	0
Position 91	0.000000	0	48	0	0	0	0
Position 92	0.000000	48	0	0	0	0	0
Position 93	0.000000	0	48	0	0	0	0
Position 94	0.000000	0	48	0	0	0	0
Position 95	0.000000	48	0	0	0	0	0
Position 96	0.000000	48	0	0	0	0	0
Position 97	0.000000	0	48	0	0	0	0
Position 98	0.000000	0	48	0	0	0	0
Position 99	1.528369	0	18	20	10	0	0
Position 100	0.896038	15	33	0	0	0	0
Position 101	1.626076	20	18	1	9	0	0
Position 102	0.538817	2	1	1	44	0	0
Position 103	0.968461	29	19	0	0	0	0
Position 104	0.624817	42	1	0	5	0	0
Position 105	0.000000	0	48	0	0	0	0
Position 106	0.146094	1	47	0	0	0	0
Position 107	0.000000	0	0	0	48	0	0
Position 108	0.000000	0	0	0	48	0	0
Position 109	0.000000	48	0	0	0	0	0
Position 110	0.000000	48	0	0	0	0	0
Position 111	0.000000	0	0	0	48	0	0
Position 112	0.000000	48	0	0	0	0	0
Position 113	0.000000	48	0	0	0	0	0
Position 114	0.249882	0	2	46	0	0	0
Position 115	0.146094	0	0	47	1	0	0
Position 116	0.700018	4	1	1	42	0	0
Position 117	0.819600	0	0	12	35	0	1
Position 118	1.277238	23	21	0	3	0	1
Position 119	0.985564	0	10	2	35	0	1
Position 120	0.988699	0	0	27	21	0	0
Position 121	1.584089	8	23	16	1	0	0
Position 122	0.000000	48	0	0	0	0	0
Position 123	0.000000	0	0	0	48	0	0
Position 124	0.000000	0	0	0	48	0	0
Position 125	0.000000	0	48	0	0	0	0
Position 126	0.000000	48	0	0	0	0	0
Position 127	0.000000	0	0	48	0	0	0
Position 128	0.000000	0	48	0	0	0	0
Position 129	0.000000	0	0	0	48	0	0
Position 130	0.000000	0	0	0	48	0	0
Position 131	0.000000	48	0	0	0	0	0
Position 132	0.000000	0	0	48	0	0	0
Position 133	0.413817	0	0	44	4	0	0
Position 134	0.000000	0	0	48	0	0	0
Position 135	0.000000	0	48	0	0	0	0
Position 136	0.000000	0	0	48	0	0	0
Position 137	0.000000	48	0	0	0	0	0
Position 138	0.000000	0	48	0	0	0	0
Position 139	0.000000	48	0	0	0	0	0
Position 140	0.000000	48	0	0	0	0	0
Position 141	0.000000	0	48	0	0	0	0
Position 142	0.000000	48	0	0	0	0	0
Position 143	0.000000	48	0	0	0	0	0
Position 144	0.000000	0	48	0	0	0	0
Position 145	0.000000	0	0	48	0	0	0
Position 146	0.000000	48	0	0	0	0	0
Position 147	0.000000	0	0	48	0	0	0
Position 148	0.000000	0	0	48	0	0	0
Position 149	0.000000	0	48	0	0	0	0
Position 150	0.000000	0	48	0	0	0	0
Position 151	0.000000	0	0	48	0	0	0
Position 152	0.000000	0	0	0	48	0	0
Position 153	0.000000	48	0	0	0	0	0
Position 154	0.000000	48	0	0	0	0	0
Position 155	0.000000	0	0	48	0	0	0
Position 156	0.000000	0	0	0	48	0	0
Position 157	0.000000	0	0	48	0	0	0
Position 158	0.000000	0	0	48	0	0	0
Position 159	0.000000	0	48	0	0	0	0
Position 160	0.000000	0	0	0	48	0	0
Position 161	0.000000	0	48	0	0	0	0
Position 162	0.000000	0	0	48	0	0	0
Position 163	0.000000	0	0	48	0	0	0
Position 164	0.000000	48	0	0	0	0	0
Position 165	0.000000	0	48	0	0	0	0
Position 166	0.000000	0	0	48	0	0	0
Position 167	0.000000	48	0	0	0	0	0
Position 168	0.000000	0	48	0	0	0	0
Position 169	0.000000	0	0	48	0	0	0
Position 170	0.000000	0	0	48	0	0	0
Position 171	0.000000	0	48	0	0	0	0
Position 172	0.000000	0	0	48	0	0	0
Position 173	0.000000	0	48	0	0	0	0
Position 174	0.000000	0	48	0	0	0	0
Position 175	0.000000	0	0	0	48	0	0
Position 176	0.000000	48	0	0	0	0	0
Position 177	0.000000	48	0	0	0	0	0
Position 178	0.000000	0	0	0	48	0	0
Position 179	0.000000	48	0	0	0	0	0
Position 180	0.000000	0	0	48	0	0	0
Position 181	0.000000	0	48	0	0	0	0
Position 182	0.000000	0	48	0	0	0	0
Position 183	0.000000	48	0	0	0	0	0
Position 184	0.000000	0	48	0	0	0	0
Position 185	0.000000	0	48	0	0	0	0
Position 186	0.000000	0	48	0	0	0	0
Position 187	0.000000	0	0	0	48	0	0
Position 188	0.000000	0	48	0	0	0	0
Position 189	0.000000	0	0	48	0	0	0
Position 190	0.000000	48	0	0	0	0	0
Position 191	0.000000	48	0	0	0	0	0
Position 192	0.000000	0	48	0	0	0	0
Position 193	0.000000	0	0	48	0	0	0
Position 194	0.000000	0	48	0	0	0	0
Position 195	0.000000	0	0	0	48	0	0
Position 196	0.000000	0	0	0	48	0	0
Position 197	0.000000	48	0	0	0	0	0
Position 198	0.000000	48	0	0	0	0	0
Position 199	0.000000	0	0	0	48	0	0
Position 200	0.000000	0	0	48	0	0	0
Position 201	0.000000	0	48	0	0	0	0
Position 202	0.000000	0	48	0	0	0	0
Position 203	0.000000	48	0	0	0	0	0
Position 204	0.000000	48	0	0	0	0	0
Position 205	0.000000	0	0	0	48	0	0
Position 206	0.000000	0	0	0	48	0	0
Position 207	0.000000	48	0	0	0	0	0
Position 208	0.000000	0	0	48	0	0	0
Position 209	0.000000	0	0	0	48	0	0
Position 210	0.000000	0	48	0	0	0	0
Position 211	0.000000	0	48	0	0	0	0
Position 212	0.000000	0	48	0	0	0	0
Position 213	0.000000	0	0	48	0	0	0
Position 214	0.000000	0	48	0	0	0	0
Position 215	0.000000	0	0	0	48	0	0
Position 216	0.000000	48	0	0	0	0	0
Position 217	0.000000	48	0	0	0	0	0
Position 218	0.000000	48	0	0	0	0	0
Position 219	0.000000	0	48	0	0	0	0
Position 220	0.000000	0	0	48	0	0	0
Position 221	0.000000	0	48	0	0	0	0
Position 222	0.000000	0	0	48	0	0	0
Position 223	0.000000	48	0	0	0	0	0
Position 224	0.000000	0	0	48	0	0	0
Position 225	0.000000	0	48	0	0	0	0
Position 226	0.000000	0	0	48	0	0	0
Position 227	0.000000	48	0	0	0	0	0
Position 228	0.000000	0	48	0	0	0	0
Position 229	0.000000	0	48	0	0	0	0
Position 230	0.000000	0	0	48	0	0	0
Position 231	0.000000	0	48	0	0	0	0
Position 232	0.000000	0	48	0	0	0	0
Position 233	0.000000	0	0	0	48	0	0
Position 234	0.000000	0	0	48	0	0	0
Position 235	0.000000	0	0	0	48	0	0
Position 236	0.000000	0	48	0	0	0	0
Position 237	0.000000	0	0	0	48	0	0
Position 238	0.000000	0	0	48	0	0	0
Position 239	0.000000	48	0	0	0	0	0
Position 240	0.000000	48	0	0	0	0	0
Position 241	0.000000	0	48	0	0	0	0
Position 242	0.000000	0	0	0	48	0	0
Position 243	0.000000	0	0	48	0	0	0
Position 244	0.000000	0	48	0	0	0	0
Position 245	0.000000	0	48	0	0	0	0
Position 246	0.000000	48	0	0	0	0	0
Position 247	0.000000	0	0	0	48	0	0
Position 248	0.000000	0	48	0	0	0	0
Position 249	0.000000	0	0	0	48	0	0
Position 250	0.000000	0	48	0	0	0	0
Position 251	0.000000	48	0	0	0	0	0
Position 252	0.000000	48	0	0	0	0	0
Position 253	0.000000	48	0	0	0	0	0
Position 254	0.000000	0	0	0	48	0	0
Position 255	0.000000	0	0	48	0	0	0
Position 256	0.000000	0	0	48	0	0	0
Position 257	0.000000	0	0	48	0	0	0
Position 258	0.000000	0	0	48	0	0	0
Position 259	0.000000	0	46	0	0	0	2
Position 260	0.000000	0	48	0	0	0	0
Position 261	0.000000	0	48	0	0	0	0
Position 262	0.000000	0	0	48	0	0	0
Position 263	0.000000	0	0	0	48	0	0
Position 264	0.000000	0	0	48	0	0	0
Position 265	0.000000	48	0	0	0	0	0
Position 266	0.000000	48	0	0	0	0	0
Position 267	0.000000	0	0	48	0	0	0
Position 268	0.146094	1	0	47	0	0	0
Position 269	0.249882	0	0	2	46	0	0
Position 270	0.000000	0	48	0	0	0	0
Position 271	0.000000	0	48	0	0	0	0
Position 272	0.000000	0	48	0	0	0	0
Position 273	0.000000	48	0	0	0	0	0
Position 274	0.000000	48	0	0	0	0	0
Position 275	0.000000	0	0	48	0	0	0
Position 276	0.000000	0	0	0	48	0	0
Position 277	0.000000	0	48	0	0	0	0
Position 278	0.000000	0	0	48	0	0	0
Position 279	0.000000	48	0	0	0	0	0
Position 280	0.000000	0	0	0	48	0	0
Position 281	0.000000	0	0	0	48	0	0
Position 282	0.000000	0	0	48	0	0	0
Position 283	0.000000	0	48	0	0	0	0
Position 284	0.000000	48	0	0	0	0	0
Position 285	0.000000	48	0	0	0	0	0
Position 286	0.000000	48	0	0	0	0	0
Position 287	0.000000	0	0	48	0	0	0
Position 288	0.000000	0	0	0	48	0	0
Position 289	0.000000	0	48	0	0	0	0
Position 290	0.000000	0	48	0	0	0	0
Position 291	0.000000	0	0	48	0	0	0
Position 292	0.000000	48	0	0	0	0	0
Position 293	0.000000	0	48	0	0	0	0
Position 294	0.146094	1	47	0	0	0	0
Position 295	0.000000	0	0	48	0	0	0
Position 296	0.000000	0	0	0	48	0	0
Position 297	0.482066	5	43	0	0	0	0
Position 298	0.000000	0	48	0	0	0	0
Position 299	0.000000	48	0	0	0	0	0
Position 300	0.000000	0	48	0	0	0	0
Position 301	0.000000	0	0	0	48	0	0
Position 302	0.000000	0	0	48	0	0	0
Position 303	0.000000	0	0	0	48	0	0
Position 304	0.000000	0	0	0	48	0	0
Position 305	0.000000	0	48	0	0	0	0
Position 306	0.000000	0	0	0	48	0	0
Position 307	0.000000	48	0	0	0	0	0
Position 308	0.000000	0	48	0	0	0	0
Position 309	0.000000	48	0	0	0	0	0
Position 310	0.000000	0	2	0	0	0	46
Position 311	0.000000	0	2	0	0	0	46
Position 312	0.000000	0	43	0	0	0	5
Position 313	0.000000	0	48	0	0	0	0
Position 314	0.000000	0	48	0	0	0	0
Position 315	0.000000	0	48	0	0	0	0
Position 316	0.000000	0	48	0	0	0	0
Position 317	0.000000	0	48	0	0	0	0
Position 318	0.000000	0	0	0	48	0	0
Position 319	0.000000	48	0	0	0	0	0
Position 320	0.000000	0	48	0	0	0	0
Position 321	0.000000	48	0	0	0	0	0
Position 322	0.000000	48	0	0	0	0	0
Position 323	0.000000	0	0	0	48	0	0
Position 324	0.000000	0	0	0	48	0	0
Position 325	0.000000	0	0	46	0	0	2
Position 326	0.000000	0	0	48	0	0	0
Position 327	0.148549	46	1	0	0	0	1
Position 328	0.000000	0	47	0	0	0	1
Position 329	0.000000	0	48	0	0	0	0
Position 330	0.000000	0	0	0	48	0	0
Position 331	0.000000	0	48	0	0	0	0
Position 332	0.000000	0	0	0	48	0	0
Position 333	0.000000	48	0	0	0	0	0
Position 334	0.000000	0	48	0	0	0	0
Position 335	0.000000	0	0	48	0	0	0
Position 336	0.000000	0	48	0	0	0	0
Position 337	0.000000	0	48	0	0	0	0
Position 338	0.000000	0	0	0	48	0	0
Position 339	0.000000	0	48	0	0	0	0
Position 340	0.000000	48	0	0	0	0	0
Position 341	0.000000	48	0	0	0	0	0
Position 342	0.000000	48	0	0	0	0	0
Position 343	0.000000	0	0	0	48	0	0
Position 344	0.000000	0	48	0	0	0	0
Position 345	0.000000	0	0	48	0	0	0
Position 346	0.000000	0	48	0	0	0	0
Position 347	0.000000	0	0	0	48	0	0
Position 348	0.000000	48	0	0	0	0	0
Position 349	0.000000	0	48	0	0	0	0
Position 350	0.000000	48	0	0	0	0	0
Position 351	0.000000	0	48	0	0	0	0
Position 352	0.000000	48	0	0	0	0	0
Position 353	0.000000	0	0	0	48	0	0
Position 354	0.000000	0	0	48	0	0	0
Position 355	0.000000	0	0	0	48	0	0
Position 356	0.000000	0	48	0	0	0	0
Position 357	0.000000	0	48	0	0	0	0
Position 358	0.000000	48	0	0	0	0	0
Position 359	0.000000	0	48	0	0	0	0
Position 360	0.000000	0	48	0	0	0	0
Position 361	0.000000	48	0	0	0	0	0
Position 362	0.000000	48	0	0	0	0	0
Position 363	0.000000	0	0	0	48	0	0
Position 364	0.000000	48	0	0	0	0	0
Position 365	0.000000	0	0	48	0	0	0
Position 366	0.000000	0	0	48	0	0	0
Position 367	0.000000	0	48	0	0	0	0
Position 368	0.000000	0	48	0	0	0	0
Position 369	0.000000	0	0	0	48	0	0
Position 370	0.000000	0	48	0	0	0	0
Position 371	0.000000	0	48	0	0	0	0
Position 372	0.000000	0	0	48	0	0	0
Position 373	0.000000	0	48	0	0	0	0
Position 374	0.000000	48	0	0	0	0	0
Position 375	0.000000	48	0	0	0	0	0
Position 376	0.000000	0	48	0	0	0	0
Position 377	0.000000	0	48	0	0	0	0
Position 378	0.000000	0	0	48	0	0	0
Position 379	0.000000	0	48	0	0	0	0
Position 380	0.000000	0	48	0	0	0	0
Position 381	0.000000	0	0	45	0	0	3
Position 382	0.000000	0	0	48	0	0	0
Position 383	0.000000	0	0	48	0	0	0
Position 384	0.000000	0	0	48	0	0	0
Position 385	0.000000	0	0	48	0	0	0
Position 386	0.249882	0	0	2	46	0	0
Position 387	0.000000	0	48	0	0	0	0
Position 388	0.000000	0	48	0	0	0	0
Position 389	0.000000	48	0	0	0	0	0
Position 390	0.000000	0	0	48	0	0	0
Position 391	0.146094	47	1	0	0	0	0
Position 392	0.000000	48	0	0	0	0	0
Position 393	0.146094	47	0	0	1	0	0
Position 394	0.000000	0	48	0	0	0	0
Position 395	0.000000	48	0	0	0	0	0
Position 396	0.000000	0	0	48	0	0	0
Position 397	0.000000	0	0	0	48	0	0
Position 398	0.000000	0	48	0	0	0	0
Position 399	0.000000	48	0	0	0	0	0
Position 400	0.000000	0	0	48	0	0	0
Position 401	0.000000	0	48	0	0	0	0
Position 402	0.000000	0	0	48	0	0	0
Position 403	0.000000	0	0	0	48	0	0
Position 404	0.000000	0	0	48	0	0	0
Position 405	0.000000	48	0	0	0	0	0
Position 406	0.000000	0	48	0	0	0	0
Position 407	0.000000	0	48	0	0	0	0
Position 408	0.000000	0	0	0	48	0	0
Position 409	0.000000	0	48	0	0	0	0
Position 410	0.000000	0	0	48	0	0	0
Position 411	0.000000	0	48	0	0	0	0
Position 412	0.000000	48	0	0	0	0	0
Position 413	0.000000	48	0	0	0	0	0
Position 414	0.000000	48	0	0	0	0	0
Position 415	0.000000	0	48	0	0	0	0
Position 416	0.000000	0	0	48	0	0	0
Position 417	0.000000	0	48	0	0	0	0
Position 418	0.000000	0	0	0	48	0	0
Position 419	0.000000	0	48	0	0	0	0
Position 420	0.000000	0	48	0	0	0	0
Position 421	0.000000	0	48	0	0	0	0
Position 422	0.000000	0	48	0	0	0	0
Position 423	0.000000	48	0	0	0	0	0
Position 424	0.000000	0	48	0	0	0	0
Position 425	0.000000	0	0	48	0	0	0
Position 426	0.000000	48	0	0	0	0	0
Position 427	0.000000	48	0	0	0	0	0
Position 428	0.000000	48	0	0	0	0	0
Position 429	0.000000	0	0	48	0	0	0
Position 430	0.000000	48	0	0	0	0	0
Position 431	0.000000	0	48	0	0	0	0
Position 432	0.000000	0	48	0	0	0	0
Position 433	0.000000	48	0	0	0	0	0
Position 434	0.000000	0	0	0	48	0	0
Position 435	0.000000	0	0	0	48	0	0
Position 436	0.000000	48	0	0	0	0	0
Position 437	0.000000	0	48	0	0	0	0
Position 438	0.000000	48	0	0	0	0	0
Position 439	0.000000	0	0	0	48	0	0
Position 440	0.000000	48	0	0	0	0	0
Position 441	0.000000	0	0	48	0	0	0
Position 442	0.000000	0	0	48	0	0	0
Position 443	0.000000	0	0	48	0	0	0
